tensor([[[0.6710, 0.7950, 0.7870, 0.7860],
         [0.8110, 0.7750, 0.8090, 0.8100],
         [0.7880, 0.8230, 0.8190, 0.8050],
         [0.8140, 0.8540, 0.8180, 0.8450]],

        [[0.7310, 0.7820, 0.7950, 0.7930],
         [0.8110, 0.8210, 0.8100, 0.8160],
         [0.8130, 0.7890, 0.8180, 0.8360],
         [0.8090, 0.8350, 0.8090, 0.8110]],

        [[0.7380, 0.7680, 0.7810, 0.7780],
         [0.8150, 0.7840, 0.8200, 0.7960],
         [0.8150, 0.8310, 0.7960, 0.8190],
         [0.8240, 0.8230, 0.8300, 0.8370]],

        [[0.7780, 0.7720, 0.7930, 0.7590],
         [0.8030, 0.7900, 0.7850, 0.7860],
         [0.7830, 0.7830, 0.7840, 0.8200],
         [0.8220, 0.8220, 0.8190, 0.8460]],

        [[0.7280, 0.7550, 0.6990, 0.7640],
         [0.7990, 0.8000, 0.7920, 0.7820],
         [0.8010, 0.7900, 0.8120, 0.8160],
         [0.8310, 0.8290, 0.8130, 0.8340]],

        [[0.7140, 0.7820, 0.8160, 0.7850],
         [0.8140, 0.8030, 0.8110, 0.8000],
         [0.8030, 0.8200, 0.8170, 0.8170],
         [0.8200, 0.8240, 0.8180, 0.8370]],

        [[0.7370, 0.7630, 0.7380, 0.7690],
         [0.8090, 0.7990, 0.8150, 0.8250],
         [0.7810, 0.8230, 0.8010, 0.7870],
         [0.8090, 0.8220, 0.8110, 0.8190]],

        [[0.7670, 0.7810, 0.7870, 0.7870],
         [0.8210, 0.7970, 0.8010, 0.8300],
         [0.8040, 0.8100, 0.7960, 0.8050],
         [0.8120, 0.8350, 0.8150, 0.8530]],

        [[0.7520, 0.7510, 0.8000, 0.7710],
         [0.7900, 0.7730, 0.8050, 0.8190],
         [0.7820, 0.7820, 0.7760, 0.8090],
         [0.8090, 0.8120, 0.8080, 0.8170]],

        [[0.6610, 0.7670, 0.7960, 0.7570],
         [0.7960, 0.7950, 0.7970, 0.8130],
         [0.8060, 0.7990, 0.7980, 0.8020],
         [0.8220, 0.8190, 0.8220, 0.8260]]])